91
3 4
1 21
1 30
2 30
2 39
1 54
3 68
3 68
1 71
3 82
3 84
2 95
3 105
1 125
1 134
2 134
3 149
2 161
1 161
3 181
1 186
2 206
1 223
1 238
3 248
2 252
1 258
3 272
3 291
2 308
1 308
2 327
2 336
3 350
3 351
3 367
1 369
3 372
3 385
2 397
2 417
3 428
1 437
3 454
3 468
1 480
3 485
2 489
2 505
2 505
2 511
1 511
1 519
3 521
1 539
1 558
2 566
1 566
1 576
3 596
2 602
2 616
3 634
3 636
1 646
3 653
2 667
2 669
1 677
1 696
3 714
1 717
1 719
2 738
2 757
3 769
2 774
2 787
1 806
3 819
3 834
3 836
1 842
1 849
2 855
2 873
2 892
1 896
1 896
3 907
1 924
